%YAML:1.0

#--------------------------------------------------------------------------------------------
# System config
#--------------------------------------------------------------------------------------------

# When the variables are commented, the system doesn't load a previous session or not store the current one

# If the LoadFile doesn't exist, the system give a message and create a new Atlas from scratch
# System.LoadAtlasFromFile: "Session_MH01_MH02_MH03_Stereo60_Pseudo"

# The store file is created from the current session, if a file with the same name exists it is deleted
# System.SaveAtlasToFile: "Session_MH01_MH02_MH03_Stereo60_Pseudo"

#--------------------------------------------------------------------------------------------
# Camera Parameters. Adjust them!
#--------------------------------------------------------------------------------------------
File.version: "1.0"

Camera.type: "PinHole"

# Camera calibration and distortion parameters (OpenCV) 
Camera1.fx: 886.191073
Camera1.fy: 886.591633
Camera1.cx: 610.578911
Camera1.cy: 514.59271

Camera1.k1: -0.31576
Camera1.k2: 0.104955
Camera1.p1: 0.00032
Camera1.p2: -0.000156

Camera2.fx: 887.804282
Camera2.fy: 888.04815
Camera2.cx: 616.177573
Camera2.cy: 514.712952

Camera2.k1: -0.311523
Camera2.k2: 0.09641
Camera2.p1: 0.000623
Camera2.p2: -0.000375

Camera.width: 1224
Camera.height: 1024

# Camera frames per second 
Camera.fps: 30

# Color order of the images (0: BGR, 1: RGB. It is ignored if images are grayscale)
Camera.RGB: 1

# Close/Far threshold. Baseline times.
Stereo.ThDepth: 60.0
Stereo.T_c1_c2: !!opencv-matrix
  rows: 4
  cols: 4
  dt: f
  data: [0.9996848603766697  , -0.02491591723946596 , 0.003062189052730629,  0.1711683160067151  ,
         0.0249119561277799  ,  0.9996887710199085  , 0.001324967393012427,  0.001026780628874198, 
        -0.003094248788664189, -0.001248264723950675, 0.9999944337143146  , -0.004602180886846116,
        0                   ,  0                   , 0                   ,  1]

# Transformation from camera 0 to body-frame (imu)
IMU.T_b_c1: !!opencv-matrix
   rows: 4
   cols: 4
   dt: f
  #  data: [0.0170 ,0.0082  ,0.9998  ,0.1417 ,
  #        -0.9998 ,-0.0078 ,0.0171  ,0.0737,
  #        0.0080  ,-0.9999 ,0.0081  ,-0.0147,
  #        0,0,0,1.000000000000000]
   data: [0.01724864,0.01283464,0.99976885,0.14366466,
         -0.99980371,-0.00952696,0.01737155,0.07967281,
         0.00974772,-0.99987225,0.01266779,-0.01555503,
         0,0,0,1.000000000000000]

# IMU noise
IMU.NoiseGyro: 0.0007294729852113113 #0.04 #0.0007294729852113113 # 1.6968e-04
IMU.NoiseAcc: 0.0012655720309610252 #0.1 #0.0012655720309610252 # 2.0000e-3
IMU.GyroWalk: 6.996094830870257e-06 #4.0e-05 #6.996094830870257e-06
IMU.AccWalk: 5.6386016813618435e-05 #0.001 #5.6386016813618435e-05  # 3.0000e-3
IMU.Frequency: 200.0

#--------------------------------------------------------------------------------------------
# ORB Parameters
#--------------------------------------------------------------------------------------------

# ORB Extractor: Number of features per image
ORBextractor.nFeatures: 1000

# ORB Extractor: Scale factor between levels in the scale pyramid 	
ORBextractor.scaleFactor: 1.2

# ORB Extractor: Number of levels in the scale pyramid	
ORBextractor.nLevels: 8

# ORB Extractor: Fast threshold
# Image is divided in a grid. At each cell FAST are extracted imposing a minimum response.
# Firstly we impose iniThFAST. If no corners are detected we impose a lower value minThFAST
# You can lower these values if your images have low contrast			
ORBextractor.iniThFAST: 20
ORBextractor.minThFAST: 7

#--------------------------------------------------------------------------------------------
# Viewer Parameters
#--------------------------------------------------------------------------------------------
Viewer.KeyFrameSize: 0.05
Viewer.KeyFrameLineWidth: 1.0
Viewer.GraphLineWidth: 0.9
Viewer.PointSize: 2.0
Viewer.CameraSize: 0.08
Viewer.CameraLineWidth: 3.0
Viewer.ViewpointX: 0.0
Viewer.ViewpointY: -0.7
Viewer.ViewpointZ: -1.8
Viewer.ViewpointF: 500.0
Viewer.imageViewScale: 0.7

